  2.000000000000000E-003  2.000000000000000E-003  -11.8132323452889     
  2.000000000000000E-003  0.298270416666667       -11.5489136639903     
  2.000000000000000E-003  0.594540833333333       -10.1939002832259     
  2.000000000000000E-003  0.890811250000000       -8.28859916495373     
  2.000000000000000E-003   1.18708166666667       -6.59707863267025     
  2.000000000000000E-003   1.48335208333333       -5.28366397435653     
  2.000000000000000E-003   1.77962250000000       -4.29423889146689     
  2.000000000000000E-003   2.07589291666667       -3.55164754167073     
  2.000000000000000E-003   2.37216333333333       -2.99285697663721     
  2.000000000000000E-003   2.66843375000000       -2.56882510535031     
  2.000000000000000E-003   2.96470416666667       -2.24035296934953     
  2.000000000000000E-003   3.26097458333333       -1.97964182142736     
  2.000000000000000E-003   3.55724500000000       -1.76659390214971     
  2.000000000000000E-003   3.85351541666667       -1.58741995250861     
  2.000000000000000E-003   4.14978583333333       -1.43361813529477     
  2.000000000000000E-003   4.44605625000000       -1.30044156890976     
  2.000000000000000E-003   4.74232666666667       -1.18520286510261     
  2.000000000000000E-003   5.03859708333333       -1.08596555735433     
  2.000000000000000E-003   5.33486750000000       -1.00066215679131     
  2.000000000000000E-003   5.63113791666667      -0.927519129463686     
  2.000000000000000E-003   5.92740833333333      -0.864794101180966     
  2.000000000000000E-003   6.22367875000000      -0.810416640935164     
  2.000000000000000E-003   6.51994916666667      -0.761096591746667     
  2.000000000000000E-003   6.81621958333333      -0.709530835214870     
  2.000000000000000E-003   7.11249000000000      -0.651229619275212     
  0.298270416666667       2.000000000000000E-003  -11.5489300513625     
  0.298270416666667       0.298270416666667       -11.0335946833544     
  0.298270416666667       0.594540833333333       -9.67022670275355     
  0.298270416666667       0.890811250000000       -7.94827508311924     
  0.298270416666667        1.18708166666667       -6.39627077430768     
  0.298270416666667        1.48335208333333       -5.16322094929287     
  0.298270416666667        1.77962250000000       -4.21937973910209     
  0.298270416666667        2.07589291666667       -3.50292871535037     
  0.298270416666667        2.37216333333333       -2.96012645695459     
  0.298270416666667        2.66843375000000       -2.54585943946773     
  0.298270416666667        2.96470416666667       -2.22362538225040     
  0.298270416666667        3.26097458333333       -1.96704595143375     
  0.298270416666667        3.55724500000000       -1.75682548646971     
  0.298270416666667        3.85351541666667       -1.57965586078907     
  0.298270416666667        4.14978583333333       -1.42731179526579     
  0.298270416666667        4.44605625000000       -1.29520588825722     
  0.298270416666667        4.74232666666667       -1.18074027521150     
  0.298270416666667        5.03859708333333       -1.08202474281535     
  0.298270416666667        5.33486750000000      -0.997045807158247     
  0.298270416666667        5.63113791666667      -0.924011536589106     
  0.298270416666667        5.92740833333333      -0.861192997112418     
  0.298270416666667        6.22367875000000      -0.806505074064516     
  0.298270416666667        6.51994916666667      -0.756476681846450     
  0.298270416666667        6.81621958333333      -0.703026776160108     
  0.298270416666667        7.11249000000000      -0.643924915638409     
  0.594540833333333       2.000000000000000E-003  -10.1939281263420     
  0.594540833333333       0.298270416666667       -9.67023875824643     
  0.594540833333333       0.594540833333333       -8.49065093942664     
  0.594540833333333       0.890811250000000       -7.13609478648242     
  0.594540833333333        1.18708166666667       -5.88434576102164     
  0.594540833333333        1.48335208333333       -4.84219614106858     
  0.594540833333333        1.77962250000000       -4.01378780882241     
  0.594540833333333        2.07589291666667       -3.36747358769567     
  0.594540833333333        2.37216333333333       -2.86802884901432     
  0.594540833333333        2.66843375000000       -2.48079139322395     
  0.594540833333333        2.96470416666667       -2.17606432031405     
  0.594540833333333        3.26097458333333       -1.93117672578687     
  0.594540833333333        3.55724500000000       -1.72899334961719     
  0.594540833333333        3.85351541666667       -1.55752383237620     
  0.594540833333333        4.14978583333333       -1.40932330775072     
  0.594540833333333        4.44605625000000       -1.28025691833932     
  0.594540833333333        4.74232666666667       -1.16798276093219     
  0.594540833333333        5.03859708333333       -1.07073110419822     
  0.594540833333333        5.33486750000000      -0.986632047312752     
  0.594540833333333        5.63113791666667      -0.913851941058940     
  0.594540833333333        5.92740833333333      -0.850562590790453     
  0.594540833333333        6.22367875000000      -0.794271635956998     
  0.594540833333333        6.51994916666667      -0.740512996317049     
  0.594540833333333        6.81621958333333      -0.682498922885606     
  0.594540833333333        7.11249000000000      -0.625886280393817     
  0.890811250000000       2.000000000000000E-003  -8.28862396304005     
  0.890811250000000       0.298270416666667       -7.94829000072557     
  0.890811250000000       0.594540833333333       -7.13610068756917     
  0.890811250000000       0.890811250000000       -6.16514745582682     
  0.890811250000000        1.18708166666667       -5.22714648093999     
  0.890811250000000        1.48335208333333       -4.40546159460928     
  0.890811250000000        1.77962250000000       -3.72162558183393     
  0.890811250000000        2.07589291666667       -3.16901465550284     
  0.890811250000000        2.37216333333333       -2.73038175667451     
  0.890811250000000        2.66843375000000       -2.38240308882564     
  0.890811250000000        2.96470416666667       -2.10373506255470     
  0.890811250000000        3.26097458333333       -1.87650790339813     
  0.890811250000000        3.55724500000000       -1.68655274922476     
  0.890811250000000        3.85351541666667       -1.52375810787989     
  0.890811250000000        4.14978583333333       -1.38184299400852     
  0.890811250000000        4.44605625000000       -1.25736856997071     
  0.890811250000000        4.74232666666667       -1.14839730206430     
  0.890811250000000        5.03859708333333       -1.05338279346898     
  0.890811250000000        5.33486750000000      -0.970636651106530     
  0.890811250000000        5.63113791666667      -0.898333527901320     
  0.890811250000000        5.92740833333333      -0.834520110147704     
  0.890811250000000        6.22367875000000      -0.776597922910421     
  0.890811250000000        6.51994916666667      -0.720883826172114     
  0.890811250000000        6.81621958333333      -0.664703759387594     
  0.890811250000000        7.11249000000000      -0.613014836116831     
   1.18708166666667       2.000000000000000E-003  -6.59709813924961     
   1.18708166666667       0.298270416666667       -6.39628467087872     
   1.18708166666667       0.594540833333333       -5.88435376956360     
   1.18708166666667       0.890811250000000       -5.22714977210691     
   1.18708166666667        1.18708166666667       -4.55306569144394     
   1.18708166666667        1.48335208333333       -3.93082865113121     
   1.18708166666667        1.77962250000000       -3.38938845435710     
   1.18708166666667        2.07589291666667       -2.93591410767131     
   1.18708166666667        2.37216333333333       -2.56447922911681     
   1.18708166666667        2.66843375000000       -2.26191787635184     
   1.18708166666667        2.96470416666667       -2.01433118512951     
   1.18708166666667        3.26097458333333       -1.80862800667169     
   1.18708166666667        3.55724500000000       -1.63377767541797     
   1.18708166666667        3.85351541666667       -1.48173983994255     
   1.18708166666667        4.14978583333333       -1.34759467222192     
   1.18708166666667        4.44605625000000       -1.22876680248034     
   1.18708166666667        4.74232666666667       -1.12384257854677     
   1.18708166666667        5.03859708333333       -1.03160841973951     
   1.18708166666667        5.33486750000000      -0.950606327372297     
   1.18708166666667        5.63113791666667      -0.879183937974272     
   1.18708166666667        5.92740833333333      -0.815490475701182     
   1.18708166666667        6.22367875000000      -0.757334049906056     
   1.18708166666667        6.51994916666667      -0.702388429898672     
   1.18708166666667        6.81621958333333      -0.649750282961266     
   1.18708166666667        7.11249000000000      -0.601687155701669     
   1.48335208333333       2.000000000000000E-003  -5.28367976281408     
   1.48335208333333       0.298270416666667       -5.16323337009091     
   1.48335208333333       0.594540833333333       -4.84220469253288     
   1.48335208333333       0.890811250000000       -4.40546659728326     
   1.48335208333333        1.18708166666667       -3.93083078760183     
   1.48335208333333        1.48335208333333       -3.47082253314681     
   1.48335208333333        1.77962250000000       -3.05385745248821     
   1.48335208333333        2.07589291666667       -2.69237553986831     
   1.48335208333333        2.37216333333333       -2.38617696685224     
   1.48335208333333        2.66843375000000       -2.12966054882263     
   1.48335208333333        2.96470416666667       -1.91473100711986     
   1.48335208333333        3.26097458333333       -1.73262482146843     
   1.48335208333333        3.55724500000000       -1.57459203586144     
   1.48335208333333        3.85351541666667       -1.43458250216267     
   1.48335208333333        4.14978583333333       -1.30903083871772     
   1.48335208333333        4.44605625000000       -1.19646215197566     
   1.48335208333333        4.74232666666667       -1.09602652017698     
   1.48335208333333        5.03859708333333       -1.00690725084883     
   1.48335208333333        5.33486750000000      -0.927994311990896     
   1.48335208333333        5.63113791666667      -0.857913441769626     
   1.48335208333333        5.92740833333333      -0.795116161534057     
   1.48335208333333        6.22367875000000      -0.737949083974280     
   1.48335208333333        6.51994916666667      -0.684879313378874     
   1.48335208333333        6.81621958333333      -0.635252680595734     
   1.48335208333333        7.11249000000000      -0.589707699369174     
   1.77962250000000       2.000000000000000E-003  -4.29425206450458     
   1.77962250000000       0.298270416666667       -4.21939074092509     
   1.77962250000000       0.594540833333333       -4.01379618433520     
   1.77962250000000       0.890811250000000       -3.72163134068135     
   1.77962250000000        1.18708166666667       -3.38939189637276     
   1.77962250000000        1.48335208333333       -3.05385899715402     
   1.77962250000000        1.77962250000000       -2.73872282598410     
   1.77962250000000        2.07589291666667       -2.45519809907450     
   1.77962250000000        2.37216333333333       -2.20692182506558     
   1.77962250000000        2.66843375000000       -1.99419376128233     
   1.77962250000000        2.96470416666667       -1.81217011321410     
   1.77962250000000        3.26097458333333       -1.65394303098744     
   1.77962250000000        3.55724500000000       -1.51314443279758     
   1.77962250000000        3.85351541666667       -1.38531654993006     
   1.77962250000000        4.14978583333333       -1.26848349851289     
   1.77962250000000        4.44605625000000       -1.16212504275959     
   1.77962250000000        4.74232666666667       -1.06620357895018     
   1.77962250000000        5.03859708333333      -0.980389567772327     
   1.77962250000000        5.33486750000000      -0.903793689708183     
   1.77962250000000        5.63113791666667      -0.835429443510402     
   1.77962250000000        5.92740833333333      -0.774127321882733     
   1.77962250000000        6.22367875000000      -0.718622186877343     
   1.77962250000000        6.51994916666667      -0.667688809258076     
   1.77962250000000        6.81621958333333      -0.620558957533116     
   1.77962250000000        7.11249000000000      -0.577077188583397     
   2.07589291666667       2.000000000000000E-003  -3.55165855768207     
   2.07589291666667       0.298270416666667       -3.50293827928159     
   2.07589291666667       0.594540833333333       -3.36748141688033     
   2.07589291666667       0.890811250000000       -3.16902068848766     
   2.07589291666667        1.18708166666667       -2.93591844098802     
   2.07589291666667        1.48335208333333       -2.69237830670439     
   2.07589291666667        1.77962250000000       -2.45519943005937     
   2.07589291666667        2.07589291666667       -2.23433524242749     
   2.07589291666667        2.37216333333333       -2.03700487194001     
   2.07589291666667        2.66843375000000       -1.86432243834076     
   2.07589291666667        2.96470416666667       -1.71295220984896     
   2.07589291666667        3.26097458333333       -1.57732413843119     
   2.07589291666667        3.55724500000000       -1.45258108260546     
   2.07589291666667        3.85351541666667       -1.33616093160665     
   2.07589291666667        4.14978583333333       -1.22753049250696     
   2.07589291666667        4.44605625000000       -1.12708513967174     
   2.07589291666667        4.74232666666667       -1.03541518216779     
   2.07589291666667        5.03859708333333      -0.952736331948464     
   2.07589291666667        5.33486750000000      -0.878597701319369     
   2.07589291666667        5.63113791666667      -0.812222096953710     
   2.07589291666667        5.92740833333333      -0.752781118284163     
   2.07589291666667        6.22367875000000      -0.699268734694697     
   2.07589291666667        6.51994916666667      -0.650556680807758     
   2.07589291666667        6.81621958333333      -0.605721329775129     
   2.07589291666667        7.11249000000000      -0.564144405067318     
   2.37216333333333       2.000000000000000E-003  -2.99286655486786     
   2.37216333333333       0.298270416666667       -2.96013505412157     
   2.37216333333333       0.594540833333333       -2.86803637983618     
   2.37216333333333       0.890811250000000       -2.73038813563594     
   2.37216333333333        1.18708166666667       -2.56448436159652     
   2.37216333333333        1.48335208333333       -2.38618078984881     
   2.37216333333333        1.77962250000000       -2.20692435079991     
   2.37216333333333        2.07589291666667       -2.03700604121622     
   2.37216333333333        2.37216333333333       -1.88265957238558     
   2.37216333333333        2.66843375000000       -1.74503081425567     
   2.37216333333333        2.96470416666667       -1.62130933809501     
   2.37216333333333        3.26097458333333       -1.50589737388524     
   2.37216333333333        3.55724500000000       -1.39477131438632     
   2.37216333333333        3.85351541666667       -1.28809517254032     
   2.37216333333333        4.14978583333333       -1.18687202091253     
   2.37216333333333        4.44605625000000       -1.09174920304633     
   2.37216333333333        4.74232666666667       -1.00390189106574     
   2.37216333333333        5.03859708333333      -0.924174287787079     
   2.37216333333333        5.33486750000000      -0.852554157124800     
   2.37216333333333        5.63113791666667      -0.788459400907518     
   2.37216333333333        5.92740833333333      -0.731143605395255     
   2.37216333333333        6.22367875000000      -0.679796916277474     
   2.37216333333333        6.51994916666667      -0.633367684407668     
   2.37216333333333        6.81621958333333      -0.590758824392700     
   2.37216333333333        7.11249000000000      -0.551134099948483     
   2.66843375000000       2.000000000000000E-003  -2.56883398331358     
   2.66843375000000       0.298270416666667       -2.54586763887722     
   2.66843375000000       0.594540833333333       -2.48079892181129     
   2.66843375000000       0.890811250000000       -2.38240984206128     
   2.66843375000000        1.18708166666667       -2.26192366872034     
   2.66843375000000        1.48335208333333       -2.12966524068318     
   2.66843375000000        1.77962250000000       -1.99419719702005     
   2.66843375000000        2.07589291666667       -1.86432444188852     
   2.66843375000000        2.37216333333333       -1.74503161974470     
   2.66843375000000        2.66843375000000       -1.63777584782247     
   2.66843375000000        2.96470416666667       -1.53936044660448     
   2.66843375000000        3.26097458333333       -1.44151817392139     
   2.66843375000000        3.55724500000000       -1.34005190996671     
   2.66843375000000        3.85351541666667       -1.24109838397802     
   2.66843375000000        4.14978583333333       -1.14670166798493     
   2.66843375000000        4.44605625000000       -1.05600890506322     
   2.66843375000000        4.74232666666667      -0.971300650688479     
   2.66843375000000        5.03859708333333      -0.894367846752175     
   2.66843375000000        5.33486750000000      -0.825432782814445     
   2.66843375000000        5.63113791666667      -0.763968084492678     
   2.66843375000000        5.92740833333333      -0.709132854485635     
   2.66843375000000        6.22367875000000      -0.660123928564674     
   2.66843375000000        6.51994916666667      -0.615957600276507     
   2.66843375000000        6.81621958333333      -0.575477071797629     
   2.66843375000000        7.11249000000000      -0.537722713683428     
   2.96470416666667       2.000000000000000E-003  -2.24036120156780     
   2.96470416666667       0.298270416666667       -2.22363315406253     
   2.96470416666667       0.594540833333333       -2.17607168588303     
   2.96470416666667       0.890811250000000       -2.10374191114030     
   2.96470416666667        1.18708166666667       -2.01433729729111     
   2.96470416666667        1.48335208333333       -1.91473623690661     
   2.96470416666667        1.77962250000000       -1.81217404639703     
   2.96470416666667        2.07589291666667       -1.71295468348457     
   2.96470416666667        2.37216333333333       -1.62131063836410     
   2.96470416666667        2.66843375000000       -1.53936098037916     
   2.96470416666667        2.96470416666667       -1.46440106360304     
   2.96470416666667        3.26097458333333       -1.38365452725750     
   2.96470416666667        3.55724500000000       -1.28793061485005     
   2.96470416666667        3.85351541666667       -1.19560919756282     
   2.96470416666667        4.14978583333333       -1.10688277722302     
   2.96470416666667        4.44605625000000       -1.01883446258919     
   2.96470416666667        4.74232666666667      -0.936691173777575     
   2.96470416666667        5.03859708333333      -0.862756786762484     
   2.96470416666667        5.33486750000000      -0.796870905908544     
   2.96470416666667        5.63113791666667      -0.738376133549638     
   2.96470416666667        5.92740833333333      -0.686440932980574     
   2.96470416666667        6.22367875000000      -0.639979180714650     
   2.96470416666667        6.51994916666667      -0.598137307104586     
   2.96470416666667        6.81621958333333      -0.559766581951139     
   2.96470416666667        7.11249000000000      -0.523869295656359     
   3.26097458333333       2.000000000000000E-003  -1.97964899200724     
   3.26097458333333       0.298270416666667       -1.96705283720855     
   3.26097458333333       0.594540833333333       -1.93118342444783     
   3.26097458333333       0.890811250000000       -1.87651431824071     
   3.26097458333333        1.18708166666667       -1.80863391966738     
   3.26097458333333        1.48335208333333       -1.73263004239683     
   3.26097458333333        1.77962250000000       -1.65394704170516     
   3.26097458333333        2.07589291666667       -1.57732680018837     
   3.26097458333333        2.37216333333333       -1.50589901065584     
   3.26097458333333        2.66843375000000       -1.44151916280995     
   3.26097458333333        2.96470416666667       -1.38365503510256     
   3.26097458333333        3.26097458333333       -1.32040302542658     
   3.26097458333333        3.55724500000000       -1.23323208905318     
   3.26097458333333        3.85351541666667       -1.15066378459774     
   3.26097458333333        4.14978583333333       -1.06319004345022     
   3.26097458333333        4.44605625000000      -0.976898928928446     
   3.26097458333333        4.74232666666667      -0.898761269541585     
   3.26097458333333        5.03859708333333      -0.829004447181886     
   3.26097458333333        5.33486750000000      -0.766798633233884     
   3.26097458333333        5.63113791666667      -0.711605880103014     
   3.26097458333333        5.92740833333333      -0.662755589301645     
   3.26097458333333        6.22367875000000      -0.618977570931029     
   3.26097458333333        6.51994916666667      -0.579505290696907     
   3.26097458333333        6.81621958333333      -0.543249040178785     
   3.26097458333333        7.11249000000000      -0.509226943476968     
   3.55724500000000       2.000000000000000E-003  -1.76659950134628     
   3.55724500000000       0.298270416666667       -1.75683094400986     
   3.55724500000000       0.594540833333333       -1.72899881758901     
   3.55724500000000       0.890811250000000       -1.68655816935809     
   3.55724500000000        1.18708166666667       -1.63378285094596     
   3.55724500000000        1.48335208333333       -1.57459675811731     
   3.55724500000000        1.77962250000000       -1.51314815786333     
   3.55724500000000        2.07589291666667       -1.45258371910756     
   3.55724500000000        2.37216333333333       -1.39477317462180     
   3.55724500000000        2.66843375000000       -1.34005325585361     
   3.55724500000000        2.96470416666667       -1.28793146710978     
   3.55724500000000        3.26097458333333       -1.23323259590644     
   3.55724500000000        3.55724500000000       -1.15896413822721     
   3.55724500000000        3.85351541666667       -1.09065118762839     
   3.55724500000000        4.14978583333333       -1.00504067140999     
   3.55724500000000        4.44605625000000      -0.927422265212725     
   3.55724500000000        4.74232666666667      -0.857472464213674     
   3.55724500000000        5.03859708333333      -0.793563816073621     
   3.55724500000000        5.33486750000000      -0.735615343660538     
   3.55724500000000        5.63113791666667      -0.683793345555707     
   3.55724500000000        5.92740833333333      -0.637990819486976     
   3.55724500000000        6.22367875000000      -0.596875937526588     
   3.55724500000000        6.51994916666667      -0.559748873885923     
   3.55724500000000        6.81621958333333      -0.525586810365286     
   3.55724500000000        7.11249000000000      -0.493456740522139     
   3.85351541666667       2.000000000000000E-003  -1.58742372836956     
   3.85351541666667       0.298270416666667       -1.57965959841256     
   3.85351541666667       0.594540833333333       -1.55752774032680     
   3.85351541666667       0.890811250000000       -1.52376218467125     
   3.85351541666667        1.18708166666667       -1.48174391921240     
   3.85351541666667        1.48335208333333       -1.43458636862266     
   3.85351541666667        1.77962250000000       -1.38531973499707     
   3.85351541666667        2.07589291666667       -1.33616333130322     
   3.85351541666667        2.37216333333333       -1.28809702954872     
   3.85351541666667        2.66843375000000       -1.24109977127036     
   3.85351541666667        2.96470416666667       -1.19560974083694     
   3.85351541666667        3.26097458333333       -1.15066346663422     
   3.85351541666667        3.55724500000000       -1.09065069248704     
   3.85351541666667        3.85351541666667       -1.01530594223370     
   3.85351541666667        4.14978583333333      -0.939401447221040     
   3.85351541666667        4.44605625000000      -0.875472907856727     
   3.85351541666667        4.74232666666667      -0.815151313882692     
   3.85351541666667        5.03859708333333      -0.757477055772808     
   3.85351541666667        5.33486750000000      -0.703820647199362     
   3.85351541666667        5.63113791666667      -0.655328381058035     
   3.85351541666667        5.92740833333333      -0.612320051209313     
   3.85351541666667        6.22367875000000      -0.573739491052943     
   3.85351541666667        6.51994916666667      -0.538880523382085     
   3.85351541666667        6.81621958333333      -0.506766021387787     
   3.85351541666667        7.11249000000000      -0.476529861785565     
   4.14978583333333       2.000000000000000E-003  -1.43362023386906     
   4.14978583333333       0.298270416666667       -1.42731392029467     
   4.14978583333333       0.594540833333333       -1.40932570860804     
   4.14978583333333       0.890811250000000       -1.38184572258516     
   4.14978583333333        1.18708166666667       -1.34759759358475     
   4.14978583333333        1.48335208333333       -1.30903373958825     
   4.14978583333333        1.77962250000000       -1.26848598726052     
   4.14978583333333        2.07589291666667       -1.22753243805588     
   4.14978583333333        2.37216333333333       -1.18687355515642     
   4.14978583333333        2.66843375000000       -1.14670274473556     
   4.14978583333333        2.96470416666667       -1.10688292911623     
   4.14978583333333        3.26097458333333       -1.06318913395195     
   4.14978583333333        3.55724500000000       -1.00503971185540     
   4.14978583333333        3.85351541666667      -0.939400994279148     
   4.14978583333333        4.14978583333333      -0.880404814488965     
   4.14978583333333        4.44605625000000      -0.826654337987319     
   4.14978583333333        4.74232666666667      -0.773560287942185     
   4.14978583333333        5.03859708333333      -0.721283008459150     
   4.14978583333333        5.33486750000000      -0.671699741465805     
   4.14978583333333        5.63113791666667      -0.626399390706273     
   4.14978583333333        5.92740833333333      -0.586064341171814     
   4.14978583333333        6.22367875000000      -0.549936484131528     
   4.14978583333333        6.51994916666667      -0.517278395593882     
   4.14978583333333        6.81621958333333      -0.487164040157423     
   4.14978583333333        7.11249000000000      -0.458810413733747     
   4.44605625000000       2.000000000000000E-003  -1.30044247201799     
   4.44605625000000       0.298270416666667       -1.29520684539421     
   4.44605625000000       0.594540833333333       -1.28025818987581     
   4.44605625000000       0.890811250000000       -1.25737024126093     
   4.44605625000000        1.18708166666667       -1.22876876793391     
   4.44605625000000        1.48335208333333       -1.19646417782256     
   4.44605625000000        1.77962250000000       -1.16212681668358     
   4.44605625000000        2.07589291666667       -1.12708648559283     
   4.44605625000000        2.37216333333333       -1.09175016240848     
   4.44605625000000        2.66843375000000       -1.05600942798589     
   4.44605625000000        2.96470416666667       -1.01883426802128     
   4.44605625000000        3.26097458333333      -0.976897929133979     
   4.44605625000000        3.55724500000000      -0.927420994606737     
   4.44605625000000        3.85351541666667      -0.875471931668329     
   4.44605625000000        4.14978583333333      -0.826653865583680     
   4.44605625000000        4.44605625000000      -0.779531101556721     
   4.44605625000000        4.74232666666667      -0.731995705052005     
   4.44605625000000        5.03859708333333      -0.684616801341700     
   4.44605625000000        5.33486750000000      -0.639097437003729     
   4.44605625000000        5.63113791666667      -0.597150449719038     
   4.44605625000000        5.92740833333333      -0.559616373686615     
   4.44605625000000        6.22367875000000      -0.525990261491163     
   4.44605625000000        6.51994916666667      -0.495520789979832     
   4.44605625000000        6.81621958333333      -0.467388341762355     
   4.44605625000000        7.11249000000000      -0.440906776871054     
   4.74232666666667       2.000000000000000E-003  -1.18520315652835     
   4.74232666666667       0.298270416666667       -1.18074061202833     
   4.74232666666667       0.594540833333333       -1.16798338411117     
   4.74232666666667       0.890811250000000       -1.14839831174989     
   4.74232666666667        1.18708166666667       -1.12384389840430     
   4.74232666666667        1.48335208333333       -1.09602792695451     
   4.74232666666667        1.77962250000000       -1.06620475984448     
   4.74232666666667        2.07589291666667       -1.03541593137154     
   4.74232666666667        2.37216333333333       -1.00390221167204     
   4.74232666666667        2.66843375000000      -0.971300552983161     
   4.74232666666667        2.96470416666667      -0.936690578509533     
   4.74232666666667        3.26097458333333      -0.898760181027638     
   4.74232666666667        3.55724500000000      -0.857471173120147     
   4.74232666666667        3.85351541666667      -0.815150226363108     
   4.74232666666667        4.14978583333333      -0.773559641111403     
   4.74232666666667        4.44605625000000      -0.731995476751738     
   4.74232666666667        4.74232666666667      -0.689672994267074     
   4.74232666666667        5.03859708333333      -0.647179522027576     
   4.74232666666667        5.33486750000000      -0.605956742779185     
   4.74232666666667        5.63113791666667      -0.567771179211791     
   4.74232666666667        5.92740833333333      -0.533391841518842     
   4.74232666666667        6.22367875000000      -0.502369256006803     
   4.74232666666667        6.51994916666667      -0.474120075486342     
   4.74232666666667        6.81621958333333      -0.447996918039559     
   4.74232666666667        7.11249000000000      -0.423406251481940     
   5.03859708333333       2.000000000000000E-003  -1.08596566265130     
   5.03859708333333       0.298270416666667       -1.08202484504609     
   5.03859708333333       0.594540833333333       -1.07073140766403     
   5.03859708333333       0.890811250000000       -1.05338342208503     
   5.03859708333333        1.18708166666667       -1.03160933611988     
   5.03859708333333        1.48335208333333       -1.00690826200093     
   5.03859708333333        1.77962250000000      -0.980390384804251     
   5.03859708333333        2.07589291666667      -0.952736666823095     
   5.03859708333333        2.37216333333333      -0.924174116432560     
   5.03859708333333        2.66843375000000      -0.894367264743046     
   5.03859708333333        2.96470416666667      -0.862755886781046     
   5.03859708333333        3.26097458333333      -0.829003341941082     
   5.03859708333333        3.55724500000000      -0.793562710664910     
   5.03859708333333        3.85351541666667      -0.757476183177432     
   5.03859708333333        4.14978583333333      -0.721282492310168     
   5.03859708333333        4.44605625000000      -0.684616594075002     
   5.03859708333333        4.74232666666667      -0.647179476935859     
   5.03859708333333        5.03859708333333      -0.609479458133329     
   5.03859708333333        5.33486750000000      -0.572810657735686     
   5.03859708333333        5.63113791666667      -0.538818157678956     
   5.03859708333333        5.92740833333333      -0.507698707902524     
   5.03859708333333        6.22367875000000      -0.479281068019111     
   5.03859708333333        6.51994916666667      -0.453274943728556     
   5.03859708333333        6.81621958333333      -0.429299839787524     
   5.03859708333333        7.11249000000000      -0.406700945271554     
   5.33486750000000       2.000000000000000E-003  -1.00066213865696     
   5.33486750000000       0.298270416666667      -0.997045747992539     
   5.33486750000000       0.594540833333333      -0.986632114920046     
   5.33486750000000       0.890811250000000      -0.970636966196979     
   5.33486750000000        1.18708166666667      -0.950606915193890     
   5.33486750000000        1.48335208333333      -0.927995041936621     
   5.33486750000000        1.77962250000000      -0.903794296146398     
   5.33486750000000        2.07589291666667      -0.878597919844498     
   5.33486750000000        2.37216333333333      -0.852553825025477     
   5.33486750000000        2.66843375000000      -0.825432022546418     
   5.33486750000000        2.96470416666667      -0.796869927330886     
   5.33486750000000        3.26097458333333      -0.766797638195406     
   5.33486750000000        3.55724500000000      -0.735614511721855     
   5.33486750000000        3.85351541666667      -0.703820088003503     
   5.33486750000000        4.14978583333333      -0.671699461665269     
   5.33486750000000        4.44605625000000      -0.639097339436075     
   5.33486750000000        4.74232666666667      -0.605956699379244     
   5.33486750000000        5.03859708333333      -0.572810615904582     
   5.33486750000000        5.33486750000000      -0.540876241714332     
   5.33486750000000        5.63113791666667      -0.510738270222540     
   5.33486750000000        5.92740833333333      -0.482613672951163     
   5.33486750000000        6.22367875000000      -0.456908608373636     
   5.33486750000000        6.51994916666667      -0.433490943658600     
   5.33486750000000        6.81621958333333      -0.411851049696241     
   5.33486750000000        7.11249000000000      -0.391287815719181     
   5.63113791666667       2.000000000000000E-003 -0.927518734987056     
   5.63113791666667       0.298270416666667      -0.924011149314944     
   5.63113791666667       0.594540833333333      -0.913851737449939     
   5.63113791666667       0.890811250000000      -0.898333572245484     
   5.63113791666667        1.18708166666667      -0.879184237205162     
   5.63113791666667        1.48335208333333      -0.857913930963390     
   5.63113791666667        1.77962250000000      -0.835429923698447     
   5.63113791666667        2.07589291666667      -0.812222315455635     
   5.63113791666667        2.37216333333333      -0.788459222380326     
   5.63113791666667        2.66843375000000      -0.763967527913246     
   5.63113791666667        2.96470416666667      -0.738375364751180     
   5.63113791666667        3.26097458333333      -0.711605147657319     
   5.63113791666667        3.55724500000000      -0.683792809186664     
   5.63113791666667        3.85351541666667      -0.655328086119019     
   5.63113791666667        4.14978583333333      -0.626399266758799     
   5.63113791666667        4.44605625000000      -0.597150365082194     
   5.63113791666667        4.74232666666667      -0.567771089028703     
   5.63113791666667        5.03859708333333      -0.538818092461672     
   5.63113791666667        5.33486750000000      -0.510738264359702     
   5.63113791666667        5.63113791666667      -0.483816945227564     
   5.63113791666667        5.92740833333333      -0.458789174484659     
   5.63113791666667        6.22367875000000      -0.435960885853499     
   5.63113791666667        6.51994916666667      -0.415219808678123     
   5.63113791666667        6.81621958333333      -0.395975215301197     
   5.63113791666667        7.11249000000000      -0.377326178524527     
   5.92740833333333       2.000000000000000E-003 -0.864793239694740     
   5.92740833333333       0.298270416666667      -0.861192296559597     
   5.92740833333333       0.594540833333333      -0.850562286539443     
   5.92740833333333       0.890811250000000      -0.834520132134444     
   5.92740833333333        1.18708166666667      -0.815490711858002     
   5.92740833333333        1.48335208333333      -0.795116560278839     
   5.92740833333333        1.77962250000000      -0.774127770882157     
   5.92740833333333        2.07589291666667      -0.752781407738163     
   5.92740833333333        2.37216333333333      -0.731143607162583     
   5.92740833333333        2.66843375000000      -0.709132588217982     
   5.92740833333333        2.96470416666667      -0.686440521890964     
   5.92740833333333        3.26097458333333      -0.662755190182405     
   5.92740833333333        3.55724500000000      -0.637990543063035     
   5.92740833333333        3.85351541666667      -0.612319914600306     
   5.92740833333333        4.14978583333333      -0.586064287170778     
   5.92740833333333        4.44605625000000      -0.559616336527319     
   5.92740833333333        4.74232666666667      -0.533391806781338     
   5.92740833333333        5.03859708333333      -0.507698724898675     
   5.92740833333333        5.33486750000000      -0.482613799645884     
   5.92740833333333        5.63113791666667      -0.458789280351879     
   5.92740833333333        5.92740833333333      -0.436757778588096     
   5.92740833333333        6.22367875000000      -0.416723659161055     
   5.92740833333333        6.51994916666667      -0.398610544127155     
   5.92740833333333        6.81621958333333      -0.381722101803868     
   5.92740833333333        7.11249000000000      -0.364754835260269     
   6.22367875000000       2.000000000000000E-003 -0.810415588432661     
   6.22367875000000       0.298270416666667      -0.806504396226519     
   6.22367875000000       0.594540833333333      -0.794271699586021     
   6.22367875000000       0.890811250000000      -0.776598390557847     
   6.22367875000000        1.18708166666667      -0.757334594156465     
   6.22367875000000        1.48335208333333      -0.737949655987879     
   6.22367875000000        1.77962250000000      -0.718622769952578     
   6.22367875000000        2.07589291666667      -0.699269175507909     
   6.22367875000000        2.37216333333333      -0.679797110129265     
   6.22367875000000        2.66843375000000      -0.660123906082668     
   6.22367875000000        2.96470416666667      -0.639979046279989     
   6.22367875000000        3.26097458333333      -0.618977443209570     
   6.22367875000000        3.55724500000000      -0.596875893838381     
   6.22367875000000        3.85351541666667      -0.573739540181283     
   6.22367875000000        4.14978583333333      -0.549936585128459     
   6.22367875000000        4.44605625000000      -0.525990372816745     
   6.22367875000000        4.74232666666667      -0.502369387578632     
   6.22367875000000        5.03859708333333      -0.479281306824308     
   6.22367875000000        5.33486750000000      -0.456908957562575     
   6.22367875000000        5.63113791666667      -0.435961144398193     
   6.22367875000000        5.92740833333333      -0.416723770421380     
   6.22367875000000        6.22367875000000      -0.399349857593874     
   6.22367875000000        6.51994916666667      -0.383741503781875     
   6.22367875000000        6.81621958333333      -0.368994171634403     
   6.22367875000000        7.11249000000000      -0.353253012715452     
   6.51994916666667       2.000000000000000E-003 -0.761095697538892     
   6.51994916666667       0.298270416666667      -0.756476413677557     
   6.51994916666667       0.594540833333333      -0.740513930222843     
   6.51994916666667       0.890811250000000      -0.720885177706075     
   6.51994916666667        1.18708166666667      -0.702389589057779     
   6.51994916666667        1.48335208333333      -0.684880264250044     
   6.51994916666667        1.77962250000000      -0.667689662447885     
   6.51994916666667        2.07589291666667      -0.650557347221467     
   6.51994916666667        2.37216333333333      -0.633368057443802     
   6.51994916666667        2.66843375000000      -0.615957756585116     
   6.51994916666667        2.96470416666667      -0.598137355893158     
   6.51994916666667        3.26097458333333      -0.579505338092652     
   6.51994916666667        3.55724500000000      -0.559748990227609     
   6.51994916666667        3.85351541666667      -0.538880727064696     
   6.51994916666667        4.14978583333333      -0.517278663034792     
   6.51994916666667        4.44605625000000      -0.495521095968776     
   6.51994916666667        4.74232666666667      -0.474120446406395     
   6.51994916666667        5.03859708333333      -0.453275498097808     
   6.51994916666667        5.33486750000000      -0.433491543057333     
   6.51994916666667        5.63113791666667      -0.415220251028367     
   6.51994916666667        5.92740833333333      -0.398610786576115     
   6.51994916666667        6.22367875000000      -0.383741601068006     
   6.51994916666667        6.51994916666667      -0.370309075326822     
   6.51994916666667        6.81621958333333      -0.357137409976374     
   6.51994916666667        7.11249000000000      -0.342099715892538     
   6.81621958333333       2.000000000000000E-003 -0.709530080985449     
   6.81621958333333       0.298270416666667      -0.703027280196714     
   6.81621958333333       0.594540833333333      -0.682500967794941     
   6.81621958333333       0.890811250000000      -0.664706057013988     
   6.81621958333333        1.18708166666667      -0.649752069056042     
   6.81621958333333        1.48335208333333      -0.635254014013236     
   6.81621958333333        1.77962250000000      -0.620560082007284     
   6.81621958333333        2.07589291666667      -0.605722214604944     
   6.81621958333333        2.37216333333333      -0.590759331087785     
   6.81621958333333        2.66843375000000      -0.575477325007965     
   6.81621958333333        2.96470416666667      -0.559766710611918     
   6.81621958333333        3.26097458333333      -0.543249152198298     
   6.81621958333333        3.55724500000000      -0.525586987315908     
   6.81621958333333        3.85351541666667      -0.506766310376888     
   6.81621958333333        4.14978583333333      -0.487164440653360     
   6.81621958333333        4.44605625000000      -0.467388837376668     
   6.81621958333333        4.74232666666667      -0.447997533804624     
   6.81621958333333        5.03859708333333      -0.429300664144512     
   6.81621958333333        5.33486750000000      -0.411851890104005     
   6.81621958333333        5.63113791666667      -0.395975883619014     
   6.81621958333333        5.92740833333333      -0.381722561808156     
   6.81621958333333        6.22367875000000      -0.368994464907006     
   6.81621958333333        6.51994916666667      -0.357137588895663     
   6.81621958333333        6.81621958333333      -0.343802022466958     
   6.81621958333333        7.11249000000000      -0.329131538532931     
   7.11249000000000       2.000000000000000E-003 -0.651228841440482     
   7.11249000000000       0.298270416666667      -0.643926208289608     
   7.11249000000000       0.594540833333333      -0.625888907345039     
   7.11249000000000       0.890811250000000      -0.613017541473781     
   7.11249000000000        1.18708166666667      -0.601689212539316     
   7.11249000000000        1.48335208333333      -0.589709203321313     
   7.11249000000000        1.77962250000000      -0.577078445282422     
   7.11249000000000        2.07589291666667      -0.564145418067663     
   7.11249000000000        2.37216333333333      -0.551134668591645     
   7.11249000000000        2.66843375000000      -0.537722990949437     
   7.11249000000000        2.96470416666667      -0.523869426132423     
   7.11249000000000        3.26097458333333      -0.509227041379779     
   7.11249000000000        3.55724500000000      -0.493456905190099     
   7.11249000000000        3.85351541666667      -0.476530172994724     
   7.11249000000000        4.14978583333333      -0.458810894369025     
   7.11249000000000        4.44605625000000      -0.440907412813997     
   7.11249000000000        4.74232666666667      -0.423407044822891     
   7.11249000000000        5.03859708333333      -0.406701934869742     
   7.11249000000000        5.33486750000000      -0.391288822647129     
   7.11249000000000        5.63113791666667      -0.377327066201765     
   7.11249000000000        5.92740833333333      -0.364755579300253     
   7.11249000000000        6.22367875000000      -0.353253610554643     
   7.11249000000000        6.51994916666667      -0.342100158853667     
   7.11249000000000        6.81621958333333      -0.329131920329651     
   7.11249000000000        7.11249000000000      -0.312134256600714     
